start=1892.741000
pause=yes
volume=106.000000
